540		static_assert		(540 + 0)		12		55026
8789		#disjoint_sets		(8789 + 0)		308		27526
8901		lambda2			(8901 + 0)		295		71068
10478		assert			(10478 + 0)		370		123767
10552		conversion		(8589 + 0)		290		63078
12799		#compatibility		(12799 + 0)		534		30650
16336		array			(16336 + 0)		515		151929
20512		typeof			(20512 + 0)		607		106994
20993		ratio			(20993 + 0)		834		210002
21943		throw_exception		(21551 + 0)		853		122509
25060		parameter_python	(25060 + 0)		959		64272
25499		logic			(25499 + 0)		827		72376
25969		tokenizer		(25969 + 0)		882		103623
26652		io			(26652 + 0)		1080		102518
27923		timer			(18554 + 9369)		839		152449
39831		rational		(39831 + 0)		1046		172696
42259		align			(42259 + 0)		1819		122790
46133		container_hash		(46133 + 0)		1786		361854
46549		property_map		(46549 + 0)		1431		198036
47307		foreach			(47307 + 0)		1186		115773
50733		tuple			(50733 + 0)		1625		141960
51779		any			(51779 + 0)		1494		145483
54745		scope_exit		(54745 + 0)		1414		354010
56234		describe		(56234 + 0)		1558		272058
68011		integer			(68011 + 0)		1976		239181
68164		assign			(68164 + 0)		2489		346811
68591		convert			(68591 + 0)		1664		1276716
71419		function		(71419 + 0)		2140		297912
72593		property_map_parallel	(72593 + 0)		2103		79686
73196		coroutine2		(73196 + 0)		2626		300637
78595		bloom			(78595 + 0)		2838		525875
79192		bind			(79192 + 0)		2670		698809
79295		concept_check		(79295 + 0)		2528		274330
79517		type_index		(79517 + 0)		2161		213161
82091		functional		(82091 + 0)		2383		323518
87152		detail			(87152 + 0)		2760		233457
89028		variant2		(89028 + 0)		2726		444842
92794		exception		(81694 + 11100)		3181		545471
95029		#chrono/stopwatches	(95029 + 0)		3249		181511
95729		crc			(95729 + 0)		2353		251187
96404		compat			(96404 + 0)		3137		452001
96675		endian			(96675 + 0)		2985		575914
103981		#signals		(85043 + 18938)		3183		270202
105004		lexical_cast		(105004 + 0)		2917		376685
115203		multi_array		(115203 + 0)		3760		511476
116255		optional		(116255 + 0)		3671		498879
118697		stacktrace		(102705 + 15992)	3712		264886
119052		flyweight		(119052 + 0)		4223		716559
124074		#tr1			(124074 + 0)		3866		398681
124694		stl_interfaces	    	(124694 + 0)		3429		437460
128691		format			(128691 + 0)		3591		291499
129678		lockfree		(129678 + 0)		4124		249697
130873		numeric/conversion	(130873 + 0)		4478		647762
134128		nowide			(110727 + 23401)	3939		478671
134514		pool			(134514 + 0)		4003		3039012
146694		scope			(146694 + 0)		4286		414466
148493		yap			(148493 + 0)		3660		671794
149525		system			(149525 + 0)		5588		745974
150529		numeric/interval	(150529 + 0)		4895		404238
159897		statechart		(159897 + 0)		5267		1891703
166346		dynamic_bitset		(166346 + 0)		4362		434292
166361		mp11			(166361 + 0)		5439		988520
172767		iterator		(172767 + 0)		5832		2937053
189883		variant			(189883 + 0)		6341		536999
200890		uuid			(200890 + 0)		6085		534402
202918		static_string	    	(202918 + 0)		7565		711192
203293		smart_ptr		(203293 + 0)		8110		1283991
205921		callable_traits		(205921 + 0)		6197		505957
206490		signals2		(206490 + 0)		6105		575650
206630		local_function		(206630 + 0)		4751		1417709
206789		program_options		(106328 + 100461)	5989		564479
210583		leaf			(210583 + 0)		7207		1122165
220730		heap			(220736 + 0)		7184		362341
222518		tti			(222518 + 0)		5915		551289
229296		coroutine		(221908 + 7388)		7392		541571
230145		safe_numerics		(230145 + 0)		7257		4286445
233145		hash2			(233145 + 0)		8298		1017666
245535		predef			(245535 + 0)		8731		721664
253505		dll			(253505 + 0)		7162		465835
255217		poly_collection		(255217 + 0)		9043		1348980
258670		ptr_container		(258670 + 0)		8263		1140359
260092		utility			(260092 + 0)		6515		848318
277001		circular_buffer		(277001 + 0)		5698		564608
283587		core			(283587 + 0)		11190		1116640
297497		hof			(297497 + 0)		10255		767131
317234		fiber			(228237 + 88997)	10770		4725543
330072		redis			(330072 + 0)		10383		1170544
331705		property_tree		(331705 + 0)		8567		669886
351339		mqtt5			(351339 + 0)		11359		939035
354431		chrono			(352538 + 1893)		10610		1222835
356506		#sync			(324421 + 32085)	11735		487090
419426		histogram		(419426 + 0)		12642		1420923
422834		lambda			(422834 + 0)		13493		812808
438521		cobalt			(369366 + 69155)	15392		971180
442581		contract		(441994 + 587)		11469		1853787
449346		bimap			(449346 + 0)		14812		3158317
451513		type_erasure		(449963 + 1550)		13954		873254
476912		config			(476912 + 0)		13903		2681903
477741		move			(477589 + 0)		13523		833254
510952		winapi			(508900 + 0)		12179		965526
513883		metaparse		(513883 + 0)		13395		6674179
529532		algorithm		(529004 + 0)		14560		4008335
536039		accumulators		(536039 + 0)		14969		975051
545422		mpi			(413769 + 131653)	16678		930669
555675		filesystem		(182239 + 373436)	16125		1559943
559188		sort			(570793 + 0)		13504		4213308
567339		multi_index		(567339 + 0)		20138		2249074
599066		context			(136450 + 462616)	16782		1714102
639054		icl			(639054 + 0)		17807		8441150
639378		range			(639378 + 0)		20285		1666988
673716		iostreams		(610803 + 62913)	20241		8770339
681829		function_types		(681829 + 0)		12546		1015975
690132		units			(690132 + 0)		22105		1157181
697744		parameter		(697744 + 0)		19240		1887693
711318		date_time		(700406 + 10912)	20245		1798526
724602		locale			(304032 + 420570)	18973		1593576
739956		vmd			(739956 + 0)		23267		1300666
*** 26864890 - 4.441% ***					*** 803662 - 5.940 % ***
264786		openmethod		(264786 + 0)		7936		4844189
760261		outcome			(760261 + 0)		17833		4568771
815614		unordered		(815614 + 0)		25051		8174215
820066		regex			(805727 + 14339)	24084		3813516
826656		serialization		(693699 + 132957)	27403		2208539
853235		python			(639944 + 213291)	28249		2164416
854395		xpressive		(854395 + 0)		26109		1324221
856895		charconv		(757173 + 99722)	20340		1734563
929921		graph_parallel		(892725 + 37196)	25467		2714330
940869		process			(839205 + 101664)	30237		1337105
988229		random			(981990 + 6239)		24718		1609470
994703		type_traits		(994703 + 0)		19471		5794656
1059481		numeric/odeint		(1059481 + 0)		29150		2402338
1106936		test			(1095771 + 11165)	30993		3202206
1190028		msm			(1190028 + 0)		29555		3601738
1192978		json			(1184001 + 8977)	43950		19760589
1228199		pfr			(1228199 + 0)		14363		1459813
1278647		url			(1172303 + 106655)	53291		5092692
1283185		thread			(1194157 + 89028)	40714		3452366
1324282		wave			(1284511 + 39771)	41811		3407180
1352463		atomic			(1274422 + 78041)	35943		1789898
1369433		polygon			(1369433 + 0)		34142		7430915
1384360		parser			(1384360 + 0)		36075		3153142
1405393		compute			(1405393 + 0)		43440		2594199
1528111		gil			(1528111 + 0)		45405		10681668
1584647		interprocess		(1584647 + 0)		44692		2749055
1589598		intrusive		(1589598 + 0)		40841		2389815
1595201		proto			(1595201 + 0)		37828		2963418
1642647		mysql			(1642647 + 0)		44300		5002415
1873131		decimal			(1873131 + 0)		51332		4473187
1899427		beast			(1899427 + 0)		66637		6294116
2173109		log			(1451361 + 721748)	66281		3496975
2195147		qvm			(2195147 + 0)		50479		2856950
2431446		graph			(2377593 + 53853)	69033		17315220
2579269		multiprecision		(2579269 + 0)		57842		14476565
2627416		numeric/ublas		(2627416 + 0)		72647		4217682
2695595		container		(2394039 + 301556)	73009		5717689
2802467		hana			(2802467 + 0)		44096		5062056
4202249		mpl			(4202249 + 0)		158903		8980573
5480796		asio			(5480796 + 0)		176303		15847136
5574630		spirit			(5574630 + 0)		152370		13530521
9460153		math			(9368051 + 92102)	189805		112314627
10334490	preprocessor		(10334490 + 0)		145894		11875546
11278222	geometry		(11278222 + 0)		247965		30105535
14401897	fusion			(14401897 + 0)		116051		15661085
17415572	phoenix			(17415572 + 0)		165013		19373227
*** 157425872 ***					    *** 3624388 ***
